tc(2)=0.015919880246186955082211898548163565;
tc(3)=0.0819844463366821028502851059651325617;
tc(4)=0.1933142836497048013456489803292629076;
tc(5)=0.3378732882980955354807309926783316957;
tc(6)=0.5;
tc(7)=0.6621267117019044645192690073216683043;
tc(8)=0.8066857163502951986543510196707370924;
tc(9)=0.9180155536633178971497148940348674383;
tc(10)=0.984080119753813044917788101451836435;
A(1,1)=0.020318597090393602992973039527630913;
A(2,1)=0.02364693013613480116556822503687778;
A(3,1)=-0.00495687383024407045320063850932367;
A(4,1)=0.0026364336310384748631184697443366;
A(5,1)=-0.0017047141574880652480616658616789;
A(6,1)=0.001207394785881148690736610010092;
A(7,1)=-0.00089310558784674170190916640458;
A(8,1)=0.00066280635055899639400551405829;
A(9,1)=-0.0004580527003857393700643238396;
B(1)=0.02563991175815295059987074323942;
A(1,2)=-0.00739786856614878686542489503086324;
A(2,2)=0.05255990873986313788004290284159144;
A(3,2)=0.0530194717861338075456791934688379;
A(4,2)=-0.011926039187344381953163084214823;
A(5,2)=0.006687899500213310367635444948336;
A(6,2)=-0.00447197812611090889403138164496;
A(7,2)=0.00321435818389552782927077761561;
A(8,2)=-0.0023488440867389510316261503715;
A(9,2)=0.0016101361953148616320127794958;
B(2)=-0.0898136794109966169342577114868;
A(1,3)=0.00522200359210005389185584360564744;
A(2,3)=-0.01655746760443510093844839008707938;
A(3,3)=0.0764881381130689126262782638360901;
A(4,3)=0.076642541940411599121025631910386;
A(5,3)=-0.017538105630369794770426390076856;
A(6,3)=0.00998107770573079251096045857735;
A(7,3)=-0.00670366880779775109794118187065;
A(8,3)=0.004735234632712528433167317013;
A(9,3)=-0.0031910155287660693654947810432;
B(3)=0.1767099114311423569129627885666;
A(1,4)=-0.00387345129174498055049537887338993;
A(2,4)=0.01090821809347966198953233701565938;
A(3,4)=-0.020805600788343253637907595867266;
A(4,4)=0.091857603246609282216028239371107;
A(5,4)=0.091913675995252773559140435621348;
A(6,4)=-0.02112733499743228991644714543268;
A(7,4)=0.01201401472997942092953577098171;
A(8,4)=-0.0079169466197840503177435508752;
A(9,4)=0.0051655543403760749329332788067;
B(4)=-0.2822994943041909127772907332219;
A(1,5)=0.00283136945006983986354937012363709;
A(2,5)=-0.0076196455810864801580088208097918;
A(3,5)=0.0124524517556587789367115216112018;
A(4,5)=-0.022283133500554696070883444784029;
A(5,5)=0.097178796626227498219762641180725;
A(6,5)=0.09717879662622749821976264118073;
A(7,5)=-0.02228313350055469607088344478403;
A(8,5)=0.0124524517556587789367115216112;
A(9,5)=-0.0076196455810864801580088208098;
B(5)=0.4063492063492063492063492063492;
A(1,6)=-0.0019621941883912191702611874557762;
A(2,6)=0.0051655543403760749329332788067083;
A(3,6)=-0.0079169466197840503177435508751977;
A(4,6)=0.01201401472997942092953577098171;
A(5,6)=-0.021127334997432289916447145432682;
A(6,6)=0.09191367599525277355914043562135;
A(7,6)=0.09185760324660928221602823937111;
A(8,6)=-0.0208056007883432536379075958673;
A(9,6)=0.0109082180934796619895323370157;
B(6)=-0.5532193350361340907810049376159;
A(1,7)=0.0012266097888125607483946628446265;
A(2,7)=-0.00319101552876606936549478104316;
A(3,7)=0.0047352346327125284331673170129666;
A(4,7)=-0.00670366880779775109794118187065;
A(5,7)=0.009981077705730792510960458577346;
A(6,7)=-0.01753810563036979477042639007686;
A(7,7)=0.07664254194041159912102563191039;
A(8,7)=0.0764881381130689126262782638361;
A(9,7)=-0.0165574676044351009384483900871;
B(7)=0.7373969413834670307252522567802;
A(1,8)=-0.0006229640916489144811595714865714;
A(2,8)=0.0016101361953148616320127794957668;
A(3,8)=-0.0023488440867389510316261503714653;
A(4,8)=0.0032143581838955278292707776156088;
A(5,8)=-0.004471978126110908894031381644961;
A(6,8)=0.006687899500213310367635444948336;
A(7,8)=-0.01192603918734438195316308421482;
A(8,8)=0.05301947178613380754567919346884;
A(9,8)=0.0525599087398631378800429028416;
B(8)=-1.0056828863907961950199070901186;
A(1,9)=0.00017777846274479865278001529322243;
A(2,9)=-0.0004580527003857393700643238396035;
A(3,9)=0.00066280635055899639400551405828669;
A(4,9)=-0.0008931055878467417019091664045783;
A(5,9)=0.0012073947858811486907366100100919;
A(6,9)=-0.001704714157488065248061665861679;
A(7,9)=0.002636433631038474863118469744337;
A(8,9)=-0.00495687383024407045320063850932;
A(9,9)=0.02364693013613480116556822503688;
B(9)=1.5849194242201491280680254775078;
