tc(2)=0.0337652428984239860938492228;
tc(3)=0.1693953067668677431693002025;
tc(4)=0.3806904069584015456847491392;
tc(5)=0.6193095930415984543152508608;
tc(6)=0.8306046932331322568306997975;
tc(7)=0.9662347571015760139061507772;
A(1,1)=0.042831123094792586260074036;
A(2,1)=0.049842368335586276926438256;
A(3,1)=-0.01042556881753498937874064;
A(4,1)=0.00548994936160763290597171;
A(5,1)=-0.0034311868403513959691132;
A(6,1)=0.002168341226749823887817;
B(1)=-0.0547127243292659128935095;
A(1,2)=-0.014763725997197412475372591;
A(2,2)=0.10495411925923206436783097;
A(3,2)=0.1058417690712103541633014;
A(4,2)=-0.0236413677088380380680474;
A(5,2)=0.0128771848277000072606186;
A(6,2)=-0.007741626243137006594343;
B(2)=0.191800014038667954820176;
A(1,3)=0.009325050706477751191438885;
A(2,3)=-0.02962515299971733714393297;
A(3,3)=0.1372785859364123477999617;
A(4,3)=0.1374610113888288594773266;
A(5,3)=-0.030845683985902521360579;
A(6,3)=0.016032014289729935631641;
B(3)=-0.379227702114613754617349;
A(1,4)=-0.005668858049483511900921256;
A(2,4)=0.0160320142897299356316412;
A(3,4)=-0.03084568398590252136057896;
A(4,4)=0.1374610113888288594773266;
A(5,4)=0.137278585936412347799962;
A(6,4)=-0.029625152999717337143933;
B(4)=0.61693005543048870861696;
A(1,5)=0.002854433315099335130929286;
A(2,5)=-0.00774162624313700659434349;
A(3,5)=0.01287718482770000726061863;
A(4,5)=-0.0236413677088380380680474;
A(5,5)=0.1058417690712103541633014;
A(6,5)=0.104954119259232064367831;
B(5)=-0.940462843176348929019994;
A(1,6)=-0.0008127801712647621122991357;
A(2,6)=0.002168341226749823887817006;
A(3,6)=-0.00343118684035139596911316;
A(4,6)=0.00548994936160763290597171;
A(5,6)=-0.0104255688175349893787406;
A(6,6)=0.0498423683355862769264383;
B(6)=1.565673200151071933093717;
