tc(2)=0.0198550717512318841582195657152635;
tc(3)=0.1016667612931866302042230317620848;
tc(4)=0.2372337950418355070911304754053768;
tc(5)=0.40828267875217509753026192881990801;
tc(6)=0.59171732124782490246973807118009199;
tc(7)=0.7627662049581644929088695245946232;
tc(8)=0.8983332387068133697957769682379152;
tc(9)=0.9801449282487681158417804342847365;
A(1,1)=0.025307134072594064788132838577491;
A(2,1)=0.02945218769496025549505795880751;
A(3,1)=-0.00617178576864143934003065003756;
A(4,1)=0.0032779849716683536221519306175;
A(5,1)=-0.0021104894096579576785133025333;
A(6,1)=0.001478042279515368057070206712;
A(7,1)=-0.001061607999592753183230249623;
A(8,1)=0.00072031063145915703852539125;
B(1)=-0.03202042284583240317348642409;
A(1,2)=-0.009105943305970075021363652104664;
A(2,2)=0.06470120191931369265745265071122;
A(3,2)=0.0652642663838295498055647443969;
A(4,2)=-0.0146660348488247605627842929209;
A(5,2)=0.008194841388699598715791290226;
A(6,2)=-0.005423529085645670040798044503;
A(7,2)=0.00379064968623384209411041281;
A(8,2)=-0.00253769257500820590251963523;
B(2)=0.1121772102087164247782520863;
A(1,3)=0.006280831147030473980609420737808;
A(2,3)=-0.01992062738281214323364008280778;
A(3,3)=0.0920664577052534910875212125666;
A(4,3)=0.092244472805081799450220234107;
A(5,3)=-0.021059017896832247477532746626;
A(6,3)=0.01188467242332674965192923309;
A(7,3)=-0.00778321884756814873247117697;
A(8,3)=0.00505742824010062128327064202;
B(3)=-0.22087136670443889627665331539;
A(1,4)=-0.0044830156130547514419133142353;
A(2,4)=0.01263272447141530197795374171903;
A(3,4)=-0.0241248122202389820117105413394;
A(4,4)=0.106646049206468927216957726175;
A(5,4)=0.106691987165615508909992830113;
A(6,4)=-0.02439277404125117695561553986;
A(7,4)=0.01358708480937331716715369184;
A(8,4)=-0.00829384345747393327009720042;
B(4)=0.35373041810644180440901363048;
A(1,5)=0.00307849136832677988985383064912;
A(2,5)=-0.00829384345747393327009720042375;
A(3,5)=0.013587084809373317167153691839;
A(4,5)=-0.0243927740412511769556155398582;
A(5,5)=0.106691987165615508909992830113;
A(6,5)=0.10664604920646892721695772617;
A(7,5)=-0.02412481222023898201171054134;
A(8,5)=0.01263272447141530197795374172;
B(5)=-0.51265563380136847824127763924;
A(1,6)=-0.00191767525463695234092563511949;
A(2,6)=0.0050574282401006212832706420207;
A(3,6)=-0.0077832188475681487324711769714;
A(4,6)=0.0118846724233267496519292330852;
A(5,6)=-0.021059017896832247477532746626;
A(6,6)=0.092244472805081799450220234107;
A(7,6)=0.09206645770525349108752121257;
A(8,6)=-0.01992062738281214323364008281;
B(6)=0.71015689031724242458229057859;
A(1,7)=0.00097275766405926352672452382409;
A(2,7)=-0.00253769257500820590251963522852;
A(3,7)=0.0037906496862338420941104128123;
A(4,7)=-0.0054235290856456700407980445033;
A(5,7)=0.008194841388699598715791290226;
A(6,7)=-0.014666034848824760562784292921;
A(7,7)=0.0652642663838295498055647444;
A(8,7)=0.06470120191931369265745265071;
B(7)=-0.9912041583117163203115854404;
A(1,8)=-0.00027750832711691922289844661378;
A(2,8)=0.00072031063145915703852539124846;
A(3,8)=-0.00106160799959275318323024962322;
A(4,8)=0.00147804227951536805707020671189;
A(5,8)=-0.0021104894096579576785133025333;
A(6,8)=0.003277984971668353622151930618;
A(7,8)=-0.006171785768641439340030650038;
A(8,8)=0.029452187694960255495057958808;
B(8)=1.58068706303095544423344652375;
