tc(2)=0.1127016653792583115;
tc(3)=0.5;
tc(4)=0.8872983346207416885;
A(1,1)=0.138888888888888889;
A(2,1)=0.161374306091975704;
A(3,1)=-0.032274861218395141;
B(1)=0.187836108965430519;
A(1,2)=-0.035976667524938903;
A(2,2)=0.258198889747161126;
A(3,2)=0.25819888974716113;
B(2)=-0.66666666666666667;
A(1,3)=0.009789444015308326;
A(2,3)=-0.032274861218395141;
A(3,3)=0.161374306091975704;
B(3)=1.478830557701236148;
