tc(2)=0.069431844202973712388;
tc(3)=0.3300094782075718675987;
tc(4)=0.6699905217924281324013;
tc(5)=0.930568155797026287612;
A(1,1)=0.086963711284363464343;
A(2,1)=0.101154406215504607307;
A(3,1)=-0.02092619552567929848;
A(4,1)=0.01029065028033383867;
B(1)=-0.11391719628198993122;
A(1,2)=-0.026604180084998793313;
A(2,2)=0.18964046880063532897;
A(3,2)=0.19091671731810743088;
A(4,2)=-0.04050789129187561974;
B(2)=0.4007615203116504048;
A(1,3)=0.012627462689404724515;
A(2,3)=-0.040507891291875619739;
A(3,3)=0.19091671731810743088;
A(4,3)=0.18964046880063532897;
B(3)=-0.81363244948692726056;
A(1,4)=-0.0035551496857956831569;
A(2,4)=0.010290650280333838672;
A(3,4)=-0.02092619552567929848;
A(4,4)=0.10115440621550460731;
B(4)=1.52678812545726678698;
