tc(2)=0.0469100770306680036011866;
tc(3)=0.2307653449471584544818428;
tc(4)=0.5;
tc(5)=0.7692346550528415455181572;
tc(6)=0.9530899229693319963988134;
A(1,1)=0.059231721264047271878566;
A(2,1)=0.068919284405998011617601;
A(3,1)=-0.01437471766582068096743;
A(4,1)=0.00745614892263954427267;
A(5,1)=-0.0043571073666356015836;
B(1)=0.07635866179581290048393;
A(1,2)=-0.019570364359076037492643;
A(2,2)=0.13922753198391765450297;
A(3,2)=0.14034748405579990158208;
A(4,2)=-0.0310085971016416419807;
A(5,2)=0.0159120743314955422858;
B(2)=-0.2679416522233875093041;
A(1,3)=0.011254400818642955552716;
A(2,3)=-0.03584651543828515594203;
A(3,3)=0.16681433684186442261154;
A(4,3)=0.1668143368418644226115;
A(5,3)=-0.035846515438285155942;
B(3)=0.5333333333333333333333;
A(1,4)=-0.005593793660812184876818;
A(2,4)=0.015912074331495542285772;
A(3,4)=-0.03100859710164164198071;
A(4,4)=0.1403474840557999015821;
A(5,4)=0.139227531983917654503;
B(4)=-0.8931583920000717373262;
A(1,5)=0.0015881129678659985393652;
A(2,5)=-0.004357107366635601583648;
A(3,5)=0.007456148922639544272673;
A(4,5)=-0.01437471766582068096743;
A(5,5)=0.0689192844059980116176;
B(5)=1.551408049094313012813;
