tc(2)=0.0254460438286207377369051579761;
tc(3)=0.1292344072003027800680676133596;
tc(4)=0.2970774243113014165466967939615;
tc(5)=0.5;
tc(6)=0.7029225756886985834533032060385;
tc(7)=0.8707655927996972199319323866404;
tc(8)=0.9745539561713792622630948420239;
A(1,1)=0.03237124154221742331765285817;
A(2,1)=0.03767229983650865295532859544;
A(3,1)=-0.00788960559137621173710252448;
A(4,1)=0.0041789928303348360162533329;
A(5,1)=-0.0026671611488777706550316924;
A(6,1)=0.001820565805799840355536212;
A(7,1)=-0.001201959713921376599629385;
B(1)=0.041115148862905928075211693;
A(1,2)=-0.011451017283183870288164582473;
A(2,2)=0.08137736515550303726353152533;
A(3,2)=0.082079174185511825585954766;
A(4,2)=-0.0184097528339487041433976549;
A(5,2)=0.01021050667956648365369036;
A(6,2)=-0.006599424025540475500710842;
A(7,2)=0.004252662903776143235436414;
B(2)=-0.144070103612068846928684585;
A(1,3)=0.007633203872423544925846644222;
A(2,3)=-0.02422321045127131609031655036;
A(3,3)=0.11204751920512750740206235;
A(4,3)=0.1122443681396910458517080539;
A(5,3)=-0.025499418111886491597899305;
A(6,3)=0.014109654530371319838404897;
A(7,3)=-0.00857215070558177549145552;
B(3)=0.28405414676522996668020558;
A(1,4)=-0.005133733563225344981956297582;
A(2,4)=0.01448335634666867705826737525;
A(3,4)=-0.0277248669988951694655156784;
A(4,4)=0.1228650401338191843279801109;
A(5,4)=0.122865040133819184327980111;
A(6,4)=-0.027724866998895169465515678;
A(7,4)=0.01448335634666867705826738;
B(4)=-0.45714285714285714285714286;
A(1,5)=0.0031750587736856376368343173;
A(2,5)=-0.00857215070558177549145551907;
A(3,5)=0.0141096545303713198384048965;
A(4,5)=-0.0254994181118864915978993048;
A(5,5)=0.112244368139691045851708054;
A(6,5)=0.11204751920512750740206235;
A(7,5)=-0.02422321045127131609031655;
B(5)=0.67210786192236178693491686;
A(1,6)=-0.001606819037046105855606101283;
A(2,6)=0.00425266290377614323543641424;
A(3,6)=-0.00659942402554047550071084152;
A(4,6)=0.0102105066795664836536903603;
A(5,6)=-0.0184097528339487041433976549;
A(6,6)=0.082079174185511825585954766;
A(7,6)=0.081377365155503037263531525;
B(6)=-0.970726696506122190648676949;
A(1,7)=0.000458109523749452982298319622;
A(2,7)=-0.001201959713921376599629385439;
A(3,7)=0.00182056580579984035553621247;
A(4,7)=-0.00266716114887777065503169235;
A(5,7)=0.0041789928303348360162533329;
A(6,7)=-0.0078896055913762117371025245;
A(7,7)=0.037672299836508652955328595;
B(7)=1.574662499710550498744170263;
