tc(2)=0.0130467357414141399610179939577739732859;
tc(3)=0.0674683166555077446339516557882534757362;
tc(4)=0.1602952158504877968828363174425632121154;
tc(5)=0.2833023029353764046003670284171079189;
tc(6)=0.42556283050918439455758699943514000769122;
tc(7)=0.57443716949081560544241300056485999230878;
tc(8)=0.7166976970646235953996329715828920811;
tc(9)=0.8397047841495122031171636825574367878846;
tc(10)=0.9325316833444922553660483442117465242638;
tc(11)=0.9869532642585858600389820060422260267141;
A(1,1)=0.016667836077172034398392202473332948214;
A(2,1)=0.01939831650102229605230458438826377853;
A(3,1)=-0.00406703460067972025670694147934332164;
A(4,1)=0.0021648742015940988379490425808652308;
A(5,1)=-0.001403060887824271718432732373702434;
A(6,1)=0.000999466897417958833708687508826183;
A(7,1)=-0.00074928813988851021059810855469775;
A(8,1)=0.00057440085950020370848553160828326;
A(9,1)=-0.0004359742929704722108587312550261;
A(10,1)=0.0003052294974624788876552038247259;
B(1)=-0.0209921657709724574432826554465341;
A(1,2)=-0.006120680292335029870253089879066189938;
A(2,2)=0.04348351757998017815669717479349052304;
A(3,2)=0.0438647328242156245651019830037075367;
A(4,2)=-0.009872201037225214966716404036797191;
A(5,2)=0.005546930629012878058831696995500233;
A(6,2)=-0.00372842429720957571329454283350725;
A(7,2)=0.00271409712018386277414054160236639;
A(8,2)=-0.0020465440432636354511488827080695;
A(9,2)=0.0015385742070736775804234086268054;
A(10,2)=-0.001071571950810304281351316848855;
B(2)=0.0735280521873387373753249748253428;
A(1,3)=0.00439200373028852221698614553887794232;
A(2,3)=-0.01392337732217818166959371737801475435;
A(3,3)=0.0643029642208851704514913053961776101;
A(4,3)=0.064435699919762629478905217832323631;
A(5,3)=-0.014763210985663933292590365842390525;
A(6,3)=0.00843720249257209041451688320169167;
A(7,3)=-0.0057309150394456321423539593071786;
A(8,3)=0.0041689479883444572849090841865339;
A(9,3)=-0.0030723834020723003778175715081212;
A(10,3)=0.002117236008636490760681966977645;
B(3)=-0.144607108133239518630344638548322;
A(1,4)=-0.0033453505088254947087088817613307193;
A(2,4)=0.0094176349705694168936031717415268823;
A(3,4)=-0.0179498973532733486673224910724437763;
A(4,4)=0.079194292719028515255234931484614952;
A(5,4)=0.079249565722916865847572886584483;
A(6,4)=-0.01826434095023846087503325290654055;
A(7,4)=0.010479908582052378888058430886981;
A(8,4)=-0.0070893268586456446141409643171549;
A(9,4)=0.005034987288864272374665378037181;
A(10,4)=-0.00340492858515340676674407577678;
B(4)=0.230692454393717151597648850850435;
A(1,5)=0.0025475689702787635490496222573817029;
A(2,5)=-0.0068516147832381555581252549664931894;
A(3,5)=0.0111821922106665367929336387754221751;
A(4,5)=-0.019974665944904044542645630364003071;
A(5,5)=0.08697757572588511730226087296052696;
A(6,5)=0.08699326534827359278251522559438994;
A(7,5)=-0.0200610751534207655496692919338562;
A(8,5)=0.0114516092806972427266987847079484;
A(9,5)=-0.007571261907729388003025316870049;
A(10,5)=0.00495113899780279219780592507497;
B(5)=-0.330858367939071103540957679502224;
A(1,6)=-0.0018826203869352566108520779105682723;
A(2,6)=0.0049511389978027921978059250749701024;
A(3,6)=-0.007571261907729388003025316870049409;
A(4,6)=0.011451609280697242726698784707948377;
A(5,6)=-0.020061075153420765549669291933856158;
A(6,6)=0.08699326534827359278251522559438994;
A(7,6)=0.086977575725885117302260872960527;
A(8,6)=-0.0199746659449040445426456303640031;
A(9,6)=0.011182192210666536792933638775422;
A(10,6)=-0.006851614783238155558125254966493;
B(6)=0.446602312880257636907634560363447;
A(1,7)=0.0013108146277030839184283278841979695;
A(2,7)=-0.003404928585153406766744075776780009;
A(3,7)=0.005034987288864272374665378037180815;
A(4,7)=-0.007089326858645644614140964317154891;
A(5,7)=0.010479908582052378888058430886981011;
A(6,7)=-0.01826434095023846087503325290654055;
A(7,7)=0.079249565722916865847572886584483;
A(8,7)=0.079194292719028515255234931484615;
A(9,7)=-0.0179498973532733486673224910724438;
A(10,7)=0.009417634970569416893603171741527;
B(7)=-0.583605389299914968234782246860427;
A(1,8)=-0.000820986353138291127367521983463229;
A(2,8)=0.002117236008636490760681966977645241;
A(3,8)=-0.003072383402072300377817571508121227;
A(4,8)=0.00416894798834445728490908418653387;
A(5,8)=-0.005730915039445632142353959307178635;
A(6,8)=0.00843720249257209041451688320169167;
A(7,8)=-0.01476321098566393329259036584239053;
A(8,8)=0.0644356999197626294789052178323236;
A(9,8)=0.0643029642208851704514913053961776;
A(10,8)=-0.013923377322178181669593717378015;
B(8)=0.757522798651495395052992388105232;
A(1,9)=0.0004172438356678357204576011132736522;
A(2,9)=-0.001071571950810304281351316848854997;
A(3,9)=0.001538574207073677580423408626805422;
A(4,9)=-0.002046544043263635451148882708069458;
A(5,9)=0.002714097120183862774140541602366386;
A(6,9)=-0.00372842429720957571329454283350725;
A(7,9)=0.00554693062901287805883169699550023;
A(8,9)=-0.0098722010372252149667164040367972;
A(9,9)=0.0438647328242156245651019830037075;
A(10,9)=0.0434835175799801781566971747934905;
B(9)=-1.016287965644733689929200280394402;
A(1,10)=-0.00011909395846202752511433377486183129;
A(2,10)=0.0003052294974624788876552038247259238;
A(3,10)=-0.0004359742929704722108587312550260886;
A(4,10)=0.0005744008595002037084855316082832576;
A(5,10)=-0.0007492881398885102105981085546977507;
A(6,10)=0.000999466897417958833708687508826183;
A(7,10)=-0.00140306088782427171843273237370243;
A(8,10)=0.00216487420159409883794904258086523;
A(9,10)=-0.00406703460067972025670694147934332;
A(10,10)=0.0193983165010222960523045843882638;
B(10)=1.5880053786751228168449667266074517;
